Graph info:
  Graph size = 40
  vCount = 13
  eCount = 16

Graph contents:
  Node(0,88): 0 2 0 0 0 0 0 0 0 1 0 0 0
  Node(1,44): 0 0 0 0 0 0 0 0 1 0 0 0 0
  Node(2,50): 0 0 0 0 0 0 0 1 0 2 0 0 0
  Node(3,10): 0 0 0 0 0 0 0 0 0 0 0 0 0
  Node(4,10): 0 0 0 0 0 0 0 0 0 0 0 0 0
  Node(5,15): 0 0 0 0 0 1 0 0 0 0 0 0 0
  Node(6,2): 0 0 0 0 0 0 0 0 0 0 0 0 0
  Node(7,33): 0 0 1 0 0 0 0 0 0 0 0 0 0
  Node(8,19): 0 1 0 0 0 0 0 0 0 0 0 0 0
  Node(9,14): 1 0 0 0 0 0 0 0 0 2 0 0 0
  Node(10,14): 0 0 0 0 0 0 0 0 0 0 0 0 0
  Node(11,25): 0 0 0 1 0 0 0 0 0 0 0 0 0
  Node(12,25): 0 0 0 0 0 0 0 0 0 0 0 0 0
Degree table (in, out)
  Node(0,88): 0, 0
  Node(1,44): 40, 40
  Node(2,50): 0, 0
  Node(3,10): 0, 0
  Node(4,10): 0, 0
  Node(5,15): 0, 0
  Node(6,2): 0, 0
  Node(7,33): 0, 0
  Node(8,19): 0, 0
  Node(9,14): 0, 0
  Node(10,14): 0, 0
  Node(11,25): 0, 0
  Node(12,25): 0, 0
